1000,76
88,32
6,1367
3,3250
2,4170
1,3151
13,529
08,95
2008,329
7,1117
11,851
500,298
300,263
15,799
497.000,1
500.000,73
295.000,1
98,30
5,2059
50,657
361,4
755,1
8,1093
16,563
2017,451
52,81
2014,601
10,1982
4,2020
1.000,217
90,256
801,5
808,9
810,6
264,7
265,4
2012,813
445.500,1
5,7,8
1,1,21
2011,674
35,201
40,458
9,914
100,726
12,922
1999,52
323,8
0,2,9
0,5,28
18,494
20,1128
726,2
600,111
21.700,1
7,6,11
7,5,28
200,328
250,68
25,345
14,565
2013,742
244.100,1
29,9,2
1961,16
805,2
512,8,1
100.000,93
28,165
375,5
872,1
800,113
395,4
387,2
78,29
53,57
1996,40
24,0,2
23,0,1
70,274
140,27
4.862,2
320,21
6,0292,1
39.000,2
2018,196
30,985
10.4,7
34.800,1
0,58,2
3.444,1
25.400,1
400,169
1,60,2
2.169,1
57.100,1
2.200,8
3,71,1
1.700,16
26.400,2
1.200,45
4,35,1
1.195,3
29.500,2
1,99,1
616.800,1
39.800,1
2.600,8
6,99,2
321.700,1
15.300,3
67.200,1
63.000,3
4.100,4
6,96,1
126.400,1
1.900,7
6,88,2
46.600,1
3.000,89
56.500,1
9.300,2
700,102
7,00,1
20.100,1
1.500,66
6,94,1
27.000,4
2.000,128
6,90,1
28.900,1
2.100,8
6,77,2
38.600,1
35.000,12
2.500,28
6,67,2
3.500,8
09,144
129,15
260,12
0,217
20.4,7
20.5,3
2007,188
139,11
142,13
2016,232
291,8
5.096,1
000,206
8.645,1
311,3
23,266
17,499
19,356
1,5,120
24,403
19.10,3
20.10,2
67,45
96,24
87,36
79,38
71,40
10.000,109
15.000,42
14.000,12
03,39
138,10
1902,2
2005,117
2010,604
776,1
48,87
4850,1
22,305
695,2
1984,34
108,17
68,7,1
402,4
23.160,1
13,6,2
390.000,2
440,4
1,8,37
55,104
38,108
1980,45
1.920,5
1.080,4
330,15
21,381
304,7
981,26
45,202
50.000,78
64,63
450.000,9
2009,470
33,104
2.0,44
3,4,16
240,23
16,5,10
510,4
1,4,22
5.9,4
6.0,3
6.1,6
5.6,9
0.2,5
90,8,1
29,210
834.74,1
388,3
34,108
220,29
47,65
31,128
1970,26
1990,85
1978,29
1985,34
1963,16
1960,17
42,86
26,181
3,6,19
900,44
001,1
907,3
4,172,1
4,930,1
6.068,1
184,7
1995,49
2.046,1
30.000,68
102,19
4,13,1
2004,70
68,41
3,9,9
2015,292
1024,4
62,60
110,53
04,58
39,82
49,67
12.000,22
30,7,1
1968,36
72,65
01,80
00,147
05,54
32,160
1976,23
239,4
1.460,4
2006,120
95,45
77,43
6,27,1
174,8
4.7,5
1280,15
120,99
51,77
206,9
7.2,4
106,18
80,242
1989,52
800.000,19
833,5,1
16,25,1
1986,46
2,1,15
40.000,35
84,44
90.000,11
25040929,1
2020,147
2019,20
135,30
231,5
5,3,10
96,9,1
1975,54
82,45
2,992,1
678,1
35,68,1
35,76,1
230.000,6
260.000,5
1991,42
93,28
249,9
399,8
155,17
21.8,8
31.000,4
32.000,3
16.000,12
17.000,14
32.82,1
1894,2
06,32
29.8,6
1912,2
130,40
141,21
274.000,2
20.000,73
660,3
1998,39
23.5,5
2,2,28
213,8,2
487,2
1979,35
81,34
480,20
598,2
4,3,12
14.400,1
1,56,3
85,65
1,84,5
9.000,21
280,7
520,14
9.9,5
2,75,2
125,47
69,31
73,45
37,120
42.968,1
41,8,2
4,7,22
24,5,7
25,5,5
20,1,1
17,3,5
5,2,15
11,75,2
41,9,3
10,6,3
2,88,1
60,284
80.000,21
17,2,4
683,2
504,2
4,2,14
29,6,5
07,56
42.000,2
125.000,6
8.2016,1
3.2017,1
7.2017,1
75,95
655,1
656,2
154,36,1
173,10
570,4
10.9,8
7.10,2
3844,1
8,91,1
41,82
200.000,58
0,43,3
6,7980,1
101,73,2
101,67,1
132,19
74,36
1994,67
21.160,2
21.190,1
177,10
6,7,6
176,3
29.000,6
948.698,1
26,6,2
1.046,2
43,95,1
1.800,16
1954,16
1972,29
773.000,1
666.000,1
400.000,24
750.000,9
565,503,1
6.9,7
1.2,14
3508,2
2003,67
150,133
1957,12
80.680,1
84,638,1
9,07,1
115,24
1.5,11
850,14
3.2,5
190,17
271,555,1
102,5,2
130,780,1
299.000,1
12,210,1
13,820,1
1,600,1
1971,16
4,99,1
131,7
3.0,19
5.5,6
118,11
2002,71
180,37
176.000,2
54,60
1,14,2
25.000,33
99,9,2
3.460,2
244,1
6,5,33
85.000,4
21.000,4
681,1
29,4,6
8,2,9
99,35
10.1,16
59,44
3110,1
272,11
165,13
23.500,2
4.000,58
20.1,2
43,74
181,8
925,6
595,2
14.8,2
3.11,4
77,94,1
78,46,1
4.9,7
629.000,1
2000,81
2.4,9
1.2013,3
26.4,2
109,13
1,25,5
0,75,2
20.7,7
30.4,7
24,99,1
1993,65
1988,41
4,6,10
58,12,1
9,9,6
322,4
256,11
35.83,1
1,2,54
1.556,1
12.655,1
19,234,1
65,5,2
166.35,1
7018,1
241,3
320.000,3
184.700,1
1950,21
1953,15
8.700,1
14.600,2
1,7,36
11.300,1
17,1,3
150.000,24
1,6,33
160,50
381.317,1
40.259,1
3,19,1
3,16,1
1.170,1
38,16,1
38,26,1
21,8,1
1,63,5
0,01,3
23.244,1
175,12
1267,2
6,8,8
5,9,10
4,0,6
970.476,1
48,14,1
10.5,5
6,3,6
1966,25
53,8,1
47,5,3
0973.912,1
694,1
999,657,1
103.199,1
154.353,1
7.000,31
16.5,3
467,1
1.065,2
63,63
511,7,1
13,28,1
81,79,1
2,64,2
90,9,1
56,8,1
5.400,7
2.59,1
1,800,2
1,700,2
1,3,40
512,11
4.2,11
13,1,3
103,38
215,10
1983,24
0,3,18
46,75
3.854,2
2,5,68
14,0,12
13,0,14
2001,54
213,6
27,200
41,23,1
41,33,1
136,12
0,8,16
12,5,7
5,6,13
6.000,46
6.500,4
1.567,1
9,7,10
224.000,1
3839,1
7777,1
8051,1
5.000,95
31.4,1
1982,49
793,1
2050,21
20.940,3
35,83,1
35,78,2
36,1,2
36,3,2
1992,78
36,127
9,66,2
94679,1
4.3,14
960,7
540,7
1080,19
7.3,3
127,21
29.1,3
28.1,3
0,08,5
3.9,4
1,33,2
1930,9
8.997,1
1.580,1
1.010,1
2.183,1
144,14
3.5,11
1.233,1
7.300,2
26.9,3
7,8,10
207,8
26.000,5
8.7,4
8415.10,1
129.000,2
1.213,1
720,29
9,44,1
394,2
3.750,1
1,9,20
5.873,2
40,69,1
2,84,1
605,2
47.500,1
69,2,2
2.1,7
202,4
40,2,2
225,17
8.2011,2
805.000,1
11.000,12
13.000,14
56,52
1171,1
737,8
524.451,1
951,2
1300,2
1.293,1
61,47
51.000,4
9.735,1
105,20
667,3
19.5,6
2.450,3
113,21
840,5
4.75,2
09364,2
318,2
12.413,1
864,1
1.3,6
17.4,3
3,5,53
44,4,2
44,8,2
365,8
02,83
13,7,2
267,4
590,6
1102,1
0,6,8
1951,4
1,669,1
245,5
317.500,1
21,1,1
15,3,6
13,4,2
11,4,4
8,6,6
7,9,8
7,1,7
9.6,4
5.4,4
9.7,3
194,12
198,6
6,1,10
127,1,1
72,9,1
7,3,10
300.000,50
200,78,1
199,7
18,2,3
38,54,1
349,5
787,7
5,016,1
21.075,4
21.115,3
2,0,8
2,4,22
10,2,5
0,12,3
62,8,2
6,35,2
451.577,1
4,92,2
46,9,1
936,7,1
899,8,1
675,4,1
15.6,3
1958,14
741,2
0915577668,1
0914362971,1
203,1
11,68,2
10,5,12
1330,1
1967,23
022.95,1
2662,3
298.150,1
145.500,1
90.060,1
89.900,1
1946,9
1952,6
13,95,1
396,9,1
2220255,1
133,9
7.80,1
1.30,1
1.1,8
10,3,7
70.000,34
7.579,1
545,2
84,3,1
16.848,1
661,3
21.7,5
6,6,8
1997,51
1833,1
1.017,2
1.005,1
0903465896,1
0915869900,1
0437684706,1
1.655,1
1.523,1
7.200,4
466,1
377,2
10,4,3
4,9,7
16.7,3
1987,36
19.4,5
16,4,5
65.000,13
180.000,7
11.644,1
57,64
490,5
8.000,32
1.300,27
4.248,1
1.820,2
1.398,2
1,55,3
492,3
820,12
1906,2
24.385,1
10,8,5
2,8,23
3,3,14
89,23
50,1,1
279,4
707,2
526,1
3.016,1
2.667,2
3.4,10
342,968,1
10,000,6
0.29,1
0.06,2
511.33,1
170,33
9696101,1
2030,29
425.000,2
50,261,1
909,4,1
9353,1
22.915,1
12.482,1
921,4
94,1,1
2025,15
23.000,8
530,5
0,1,19
2.250,2
1.160,3
166.000,2
235.000,2
836.000,1
97,27
23.6,1
54495638,1
54495639,1
438,3
58,48
5,5,35
262,2
358,2
2.2,12
182,110,1
1,053,1
034,1
5.85,1
1200,15
0.9,1
1079,1
4,87,1
888,6
67.000,3
1100,4
4500,1
20.9,2
92046,1
6.4,5
1.130,2
3,7,9
4.16,1
2.13,1
0.87,1
0.81,1
0.6,1
0.32,1
128,23
3600,2
3800,1
13.11,1
2,9,14
711,6,1
3564,1
1.662,2
3.018,1
40,78,1
11.2,9
1910,3
7.5,14
34,7,1
32,8,2
4,4,7
8,3,8
2,3,14
1.740,1
74.000,2
5.810,1
6.855,1
4,5,38
212,6
214,3
3930,1
0824,1
3773,3
8108,1
9,2,6
25.6,3
961,2
3,8,8
390,9
22,23,1
103,01,1
153,11
2.681,1
19,000,1
2,6,15
89,3,2
126,15
119,7
420,13
950,4
152,13
1.950,2
7.999,1
2647,1
149,3
25.9,4
485,2
96,01,1
104,8
14.500,1
2,44,1
50,24,1
936,2
1.400,22
600.000,23
3000,10
35021903,1
469,2
397,2
64.277,1
1,000,7
462,3
11.376,1
1460,1
0938.010,1
898,2
0932.115,1
7,577,1
757,1
6.387,1
684,1
99,79,2
12.702,1
067,1
35.976,1
117,17
8.850,1
8.950,1
8.500,6
8.600,1
7.950,1
8.050,1
1.600,13
1.620,3
12,7,10
626,3
94,78,1
34,8,2
3,37,1
1,23,3
10.002,1
4.6,6
53.4,1
1.12,3
5,8,10
16,1,2
3.10,3
0.24824,1
525,5
137.700,1
146.800,1
170.600,1
10,7,4
37.3,2
750,18
704,2
17,5,11
62226,1
303,5
335,7
10,9,5
2.700,10
636,5
101,19
17,0,2
1.474,1
382,2
1907,2
442,2
1974,22
77,5,1
28,2,1
44,66
930,6
780,4
1981,26
624,3
63,3,2
8.369,1
20.998,1
0.33,1
573,4
236,6
2396,1
4.5,6
209,3
03,04,1
2.5,4
72,5,2
51,1,1
3020,1
159,6
34,5,4
1.315,2
4.200,6
1,011,1
3,229,1
403,4
38.99,1
88,5,2
6.5,6
75.000,8
3200,2
36,33,2
36,39,1
6,64,1
254.000,1
30,64,1
73,1,1
31.8,3
11.3,2
14.4,3
4.0,21
3.64,1
7.1,4
299,99,1
65,87
226,6
799.000,1
1.965,1
5,56,1
6,524,1
278,5
0712,1
18.765,1
8.594,2
10.084,1
18,5,5
1680,1
21.11,4
1977,27
120.000,24
350.000,14
27,3,2
5,19,1
53.000,2
31.12,8
16,99,1
9,53,1
259,2
91.5,1
1921,3
3,492,1
452,4
16.4,3
92,33
48.000,3
44,5,6
312,3
11.5,2
1.2017,2
528,4
658,2
5.682,1
10.355,1
9.3,2
6,9,4
114,21
1,69,2
702,2
94.703,1
2302,1
580,5
1.645,1
22.6,3
134,14
9.500,4
31,4,2
51,2,1
22,3,3
11,5,6
883,2
0.3,5
2,754,1
14.330,1
3316,1
1.208,1
209,00,1
1.190,1
191,00,1
157,8
6.8,5
24,4,4
19,6,1
16,9,3
112,17
13,3,4
24.7,3
690,2
270,8
7430,1
1,45,1
49,13,1
360,21
121,9
1956,11
238.351,1
1.252,1
35,5,4
700.000,14
555,3
560,8
3.158,1
9,62,1
224,45,1
48,17,1
1.180,2
210.000,3
160.000,7
1915,3
828,2
49.332,1
26,1,1
4.2012,3
20.8,5
604,3
9.520,1
693,2
11.661,1
21.631,1
021,2
022,1
1.448,1
250.000,20
35,00,1
35,05,1
1001,5
00274,1
5.373,1
3.384,1
433.000,1
19.000,6
8.400,2
6.100,2
1.039,1
831.661,1
1.290,3
14,05,1
1.267,2
1.274,1
232,6
14,6,4
14,1,3
18.400,3
1938,2
427.000,1
268,8,1
1820,3
307,3
2600,4
12,9,4
11,2,3
11.100,1
39743236,1
39743227,1
167.000,1
3.2010,3
7,25,1
83,39
9,63,2
9800,1
380,10
1964,14
17.500,1
66,41
1.980,2
8,1,4
7,4,5
195,6
210,11
2049,7
4096,1
3783,1
6317,1
4,8,11
8.802,1
398,5
48,63,1
1.4,8
1,75,3
355,2
405,2
1965,22
8942,1
1.6,6
1832,1
0,85,2
1887,1
1,80,3
10.10,6
1,96,3
11.10,2
1,92,1
12.10,8
13.10,7
1,74,3
14.10,4
15.10,3
1,53,5
1,90,2
2,08,1
2,04,1
1,73,5
1,61,2
29,5,3
25,9,2
27.1,1
419,4
1.20,2
1.56,1
75.66,1
1088,1
156,6
130.000,6
12.1,3
60.000,29
3,09,3
22,000,2
25,500,1
575,2
830,7
768,7
002.69,1
70,4,1
46,8,1
1440,1
2560,1
699,3
453,3
221,7
099,1
0913,3
044,1
620,7
26.6,4
37,4,2
28,5,3
255,2
42,10,1
354,3
92.000,2
29.494,1
65,72,1
50,04,1
0,221,1
0,223,1
0,095,1
17,16,1
490,22,1
3,63,1
5,37,3
121,76,1
4,61,1
79.000,3
054.77,1
263,4
251.341,1
5,63,1
50001158,1
918964,1
056,2
037,1
16,2,7
23,3,1
15,5,9
29,7,2
12,1,4
17.168,1
204,7
523,1
2,49,2
3,13,2
450,24
290.000,1
30.12,4
648,2
220,93,1
27,56,1
49,04,1
26,13,1
4.11,6
27,15,1
27,30,1
97,54,1
2127,1
161,6
712,2
1.230,1
1188,1
2.074,1
719,1
36,6,2
24.3,2
197,8
86,24
222,9
6262,1
3930.3270,1
4707,1
007,2
9.2009,2
89,8,1
38,2,2
460,10
192.000,1
4,54,2
1.149,1
433.500,1
276.372,1
105.392,1
61.542,1
19.987,1
39.815,1
49.635,1
5.730,2
15,9,3
3.521,1
889,6,1
302,8
4,41,1
28.10,2
314,4
1.323,2
286,1
0,37,3
21.885,1
1,95,3
18.500,2
3035,1
1212011,1
315,4
789,428,1
34,4,1
516,134,1
448,1
284,2
30.8,3
46,66,1
11,6,6
122,12
410,6
44,15,1
44,55,3
4,445,1
584,4
5679,1
334,597,1
49.600,1
129.870,1
16,6,3
1558,2
1945,26
722,1
412,5
6,2,11
4,1,7
78.800,1
14.602,1
157.000,1
7,38,1
91,29
188,2
920,12
39,6,2
3.022,1
189,6
18.7,3
8,8,7
1939,4
148,11
749,2
409,3
630,34,1
2,16,3
0,34,2
0,86,1
1,43,3
59,33,1
900.000,6
16.167,1
13.281,1
6.827,1
58.990,1
9.12,1
17.600,1
140.000,5
5.500,7
247,5
366.678,1
8,9,5
1,98,1
15,46,1
1,28,3
1.221,1
146,3
145,12
675,3
1815,1
230,18
39,50,1
40,50,1
37,50,1
39,25,1
31,50,1
33,75,2
34,75,1
37,25,1
40,00,1
1718,1
854,1
0621000414072,1
464,2
2,016,1
1.366,4
0909.6559,1
64,68,1
124,11
6.400,2
1.11,5
0,7,12
4.724,1
283.183,1
12.225,1
19,18,1
113,2,1
43,5,3
1909,1
0117,1
2,7,12
21,9,2
76,30
8.3,6
3.886,1
11,3,4
1854,2
2,77,3
19.450,1
3.600,3
6,0,3
5,0,9
39.440,1
53,5,1
55,3,2
0.15,1
26,9,2
816,1
1973,16
04.39348186,1
163,5
18.471,2
18.481,1
27.769,1
27.853,1
28.586,1
30.374,1
30.588,1
31.394,1
207,06,1
209,15,1
215,09,1
16.933,1
17.035,1
17.518,1
3,45,2
0909.062,1
310,9
0919.329,1
798,4
123,10
1969,29
7,55,1
1,67,2
28,27,1
37.000,6
337.000,2
350,42
2040,2
362,5,2
47,12,1
14.12,3
21.140,2
21.240,1
21.036,2
21.246,1
435,3
238,4,1
12,22,1
6.800,2
199.000,2
29.12,4
519,1
1259,2
1.8,9
912.000,2
25.500,1
060.56,1
406.82,1
39748455,1
30.7,3
774.900,1
10,434958,1
1.514,1
287,6,1
23.8,5
671,1
97,7,1
3,480,1
5,250,1
1.280,6
261.900,1
21,33,1
586,2
471,3
1,37,2
43,25,1
42,35,2
3.224,1
322,4,1
1834,1
22.27,1
70,17,1
234,2
111,17
302.000,1
756,1
18.4,4
55.000,6
27.560,1
0,22,2
153,33,1
451,1
325,7
6,49,1
433,4
55.606,1
55,8,2
97,2,2
1.750,4
23.991,1
24.434,1
28.3,2
141,82,1
87,01,1
3.141,1
27.390,1
25,2,1
1.199,1
54,1,2
19.900,1
43,6,1
11711,2
21,5,2
9806,1
10.875,1
36,86,1
37,06,1
69,88,1
777,10
11,8,3
1066,1
12.100,2
14.643,1
654,1
95,35,1
1.59,1
9,5,11
16,8,2
1.669,1
1948,4
1,374,1
2,173,1
10,1,6
26,42,1
26,44,1
4.095,1
12.072,1
110.000,5
1581,1
2349,1
164,11
13.8,4
1.33,1
36,50,1
12,6,5
10,28,1
423,47,1
2,53,3
147,6
193,5
107,12
135,9,1
294,3
162,9
20.12,3
48,25,1
48,80,1
143,9
66478,1
1734,1
1.242,1
204,8,1
72,8,1
83,6,1
1,71,1
1,58,1
58,3,1
6,85,2
5.2014,1
62,4,1
185,5
1.430,2
246,2
8.1,15
103,107,1
63,29,1
20,25,1
9.0,2
1.737,1
4.565,1
297,2
30.10,7
19.11,6
1,29,2
61,30,1
9.470,1
94,25
191,3
38,9,2
650,13
538,01,1
1737,1
6.2016,1
9.2014,1
11.1,3
9.65,1
9.511,1
1.518,2
071,2
20.500,2
182,5
4857,1
12.6,4
1.250,4
1500,6
472,7,1
4.375,2
8321,1
8003,1
0,96,2
55,65,1
22000,1
45,77,1
238,58,1
150,2,1
88,37,1
10.882,1
150,000,1
3.1,5
23,1,1
17,21,1
385,3
12.2014,1
6.2009,2
47,8,1
594,5
629,5
20,200,1
192,7
2.900,2
7.1982,1
1933,3
2.172,1
036.52,1
22,5,6
18,1,2
2,91,1
2,89,1
1,83,1
1,97,2
4.10,3
44,7,1
0439424244,1
10.257,1
0,60,1
83.000,3
27.4,3
1554,1
41,5,1
42,7,2
8.96,1
9001,5
1924,3
443,1
297.58,1
161.39,1
9397612,1
66.695,1
652,1
366,2
564,1
151,5
114,020,1
922,230,1
439,2
48.300,1
1,64,2
58.318,1
1,12,1
1,19,1
2.174,1
28.6,3
262.705,1
56.651,1
28.5,5
52.981,1
1208,1
13,73,2
233,3
15.9,3
3.411,1
1.509,1
8820,2
720.000,2
9000,1
9650,2
9700,1
3.250,1
36.17,1
36.25,1
2.9,4
17.5,2
393,2
22,8,1
1959,10
756.000,1
0,19,1
59,81,1
18.6,1
10.01,1
116,2,1
21.350,1
21.390,1
882.175,1
20,000,2
4.033,1
550,14
130,87,1
36,5,4
648,5,1
1.489,1
686,1
8.0,7
941,1
3,28,1
32,38,1
32,73,1
257,6
1099,2
30.11,5
2.12,2
6.12,2
418,6
66.627,1
20.295,1
33.843,1
21.500,3
32.784,1
911,9
16.3,1
146,4,1
59.999,1
292,2
339,3
5,1,6
4.500,11
12.9,7
10,25,1
0,269,1
1211,1
491.500,1
242,3
15.3,3
31.5,6
430.000,1
1.2012,1
13.4,5
1.582,1
0946558686,1
0913382588,1
305,6
17.477,1
2,29,2
15,6,3
118.643,1
2472,2
152.000,1
3,656,1
65.29,1
29.2,1
4878,1
0,71,1
134,92,1
508,4
6.600,2
123.000,1
0.000,1
685,3
593,4,1
80,1,1
380,2,1
76,9,2
99,4,2
114,3,1
107,6,1
69,9,2
5,75,2
10.12,2
990.000,2
2.990,9
4.990,7
6.990,5
9.990,3
5.990,3
1.990,3
2.490,1
3.990,4
1320,1
1520,7
10.990,2
218,4
04.20,2
23.9999,2
04.66,2
71.8888,2
0977.43,2
8888,3
13.500,3
12.500,3
10.500,2
24.12,4
8,5,10
116,0,1
430,7
7.9,3
0,48,2
44,04,1
1,09,1
333,4
0,03,4
0,06,5
0,09,1
12.194,1
432,1
7953,1
0287,1
2.318,1
26,3,1
7.015,1
1,768,1
1,266,1
251,3
5230,3
1.2014,1
0,4,8
8.740,1
457,2
1626,1
7,75,1
384,5
17,120,1
0.17,3
4,000,1
13,120,1
0.13,1
7.0,6
650.000,2
11.8,1
625,4
6,95,1
7.6,2
492,3,1
15.700,3
3,2,17
865,1
770,2
728,2
795,3
253,2
15.410,1
1.004,2
10.747,1
43.000,6
141.200,1
2,62,2
4765,1
183,10
84.8,5
179.500,1
162.690,1
151.000,1
149.140,1
10.8,2
26.5,3
26.7,3
85.57,1
879,3
23.7,2
913,1
23,6,5
465,2
455,3
172,8
13.800,1
21.091,1
21.218,1
21.557,1
20.192,1
20.375,1
20.700,1
22.185,1
22.341,1
22.697,1
27.432,1
27.514,1
27.953,1
31.368,1
31.590,1
32.029,1
2.649,1
2.721,1
16.571,1
16.688,1
17.022,1
715,1
20.850,2
20.930,1
57,82,1
31.3,7
14,7,6
270.000,5
0721,1
609,6
2.196,1
1.577,1
1.815,1
93170,1
62,5,2
10.7,7
223,5
14.900,1
416,4
22.5,3
08008,1
570.000,3
490.000,1
202.000,2
182.000,1
283.000,2
2.050,2
14.1,2
170.000,7
306,4
1.999,2
7.100,3
21.080,1
21.060,2
54.000,5
69,28,1
110.100,1
20.150,1
20.190,1
4.2017,3
8.453,1
66,9,1
1.085,3
567,1
64.800,2
70.41,2
849,2
949,1
870.000,1
6.250,2
2.750,1
31101,1
15,37,1
2,92,2
542,46,1
928,3
32.500,1
3300,2
802.11,5
164,5,1
82,5,2
10,29,1
217,6
6.137,1
1.247,1
3,75,2
13435,1
18.9,1
58,6,2
24,2,2
23.700,1
406,2
2.300,8
3.15,1
3,1,7
631,3
22350,1
470.016,1
1163,1
1164,1
1165,1
1173,1
1174,1
1189,1
1.239,1
96.000,3
22.641,1
11,01,1
3,94,3
25,69,1
3,1228,1
26,7,2
2.132,1
190.000,3
481,1
35,1,2
0.67,1
29.3,3
980.000,5
47.084,1
3.461,1
4.180,1
73,5,1
293,1
0505,1
27001,1
7,0,2
1,0,3
337,6,1
1955,9
154,6
10.2011,4
3.7,4
71.000,2
2023,2
7.788,1
50.040,1
1,65,3
89.581,1
923,4
1.508,2
71,85,1
1.437,1
105,48,1
113,08,1
25.7,3
11.4,2
1.931,1
29.5,1
2,07,2
62.900,1
245.000,3
18,58,1
348,2
792,1
1061,1
0376,1
7025,1
308,5
028.75,1
608,3
8,7,9
12,75,1
28,500,1
609,14,1
93,16,1
601,85,1
91,12,1
0.5,3
2.799,2
20,02,1
107,03,1
90327,1
1940,8
069.551452,1
043.7471748,1
6,4,5
1.271,1
425.573,1
14.2,2
5.2,5
1943,6
27.143,1
1.148,1
1.442,1
11.6,5
27.8,2
521,4,1
487,3,1
1.850,1
11.26,1
779,5
4.1,6
845,1
274,8
47.175,1
21,700,1
301,6
22,100,1
6,886,1
6.146,1
2.477,1
844,2
37,04,1
10.710,1
3515,1
11.742,1
22,9,1
7.500,6
4.576,1
3.814,1
3.585,1
1927,3
35,08,1
35,15,1
35,7,2
679,99,1
480,9,1
13.300,1
29,729,1
1.83,1
29.6,2
220.000,7
116,10
2117,1
32,5,4
834,1
129.700,1
14.5,7
9224,1
9223,1
29.11,2
516,2
1.100,15
3453,1
6.200,2
83,9,1
24,72,1
15,50,1
455.00,1
2.3,9
27,5,4
5,035,1
0.03,1
14,851,1
20,4,1
179,3
0.8,2
419,63,1
3,68,2
4.4,5
19.12,3
3,52,1
12,03,1
2,17,1
68,9,1
212,1,1
440,2,1
178,8
1.432,1
689,1
24.2,2
3.2012,3
81,8,1
4.418,1
1900,2
2500,4
21.6,4
287,5
61.000,3
4.600,3
12.8,1
153,3,1
7,12,1
6.150,1
225.000,3
2.345,1
10,27,1
12.800,1
8.4,3
93241,1
15,2,3
137,1
4,431,1
19,4,2
186,10
112.128,1
144.500,1
4824,1
2.7,3
4.800,6
13,2,4
20.618,2
3.200,8
208,4
6560,1
0066,1
147.000,1
189.000,1
21.477,1
27.593,1
2.583,1
5.088,1
614,99,1
0,77,2
0,13,1
37,2,1
37,35,2
37,37,1
17,64,1
0,40,2
4.396,1
5250,1
1.7,11
495,3
615,1
9,46,1
6.10,7
113.308,1
912,1
22.000,8
77,474,1
1.565,1
1.550,3
27.395,1
839,2
0,42,3
0,72,1
45,3,1
7643,1
1.0,5
32.336,1
4.8,5
41.000,4
20,2,3
107,9,2
3,56,1
1,46,5
86,7,1
840.258,1
20,9,1
30.9,2
2.406,1
850.000,1
6.7,2
24.4,4
1.178,2
17,4,5
414,4
4000,8
34,26,1
14,5,15
23,2,2
1366,3
1838,1
22.536,1
4.982,1
3.204,1
24.440,1
3868.2186,1
3668.6111,1
1900604,1
1.668,1
5,420,1
40,25,1
177,260,1
34.743,1
682,1
115.577,1
1.155,3
770.000,1
997,2
677,4,1
64,1,1
28,1,3
08.09,1
11.448,1
72.957,1
2.2013,1
30.5,2
1.746,1
298,4
99.000,1
2035,7
2,37,2
16.978,1
488.545,1
309.368,1
159.328,1
43,8,3
43,86,1
7385,1
446,4
4675,1
18,557,2
0.62,1
401,5
404,8
601,1
10,0,17
11,0,8
15,0,2
4,96,1
110,1,2
46.500,1
268,2
3.2006,1
444,5
13.200,1
389,6
1916,2
301.9,1
917,3
146.600,1
21,3,4
120.900,1
229.590,1
30.6,3
248,6
388,57,1
6,81,3
1,78,5
1.390,1
4.300,2
1878,1
3.54,1
2.82,1
2.69,1
2.45,2
1,47,2
115,66,1
4.140,1
19.2,3
131,8,2
1.265,3
42,5,2
1.521,1
0,9,9
522,3
9,3,4
0820,1
003.78,1
17.3,3
21.1,2
0,68,1
10,51,1
9,4,2
5.474,1
27.11,3
396,4
370,7
12.4,2
8.249,1
998,2
82.499,1
96984,1
45.000,14
145.000,4
424,5
16.9,4
576.500,1
1.001,2
897,1
312,1,1
40.310,1
666,6,1
549,1
5110,1
5165,1
20.782,1
1.422,1
28.306,1
97,95,1
592,4
599.030,2
1,50,2
258,4
6500,2
53,400,1
818,1
974,1
1.628,2
290,6
25,0,1
33,5,3
36,67,1
143.000,1
66.000,1
1931,6
0914739068,1
2,22,2
61,1,1
391,1
579,6
8127,1
106,55,1
114,63,1
12.2006,1
7.060,1
192,6,1
2693,2
687958,1
4.2014,1
1935,6
101,6,1
43,4,1
43,7,2
135.000,1
7.478,1
19.495,1
19.500,3
19.510,3
19.520,1
6.220,1
38,4,1
18,900,1
187,5
345,4
745,3
95889,1
91305,2
17,8,1
1766,1
956,1
302.200,1
58.600,1
49,47,1
6.2013,2
344,2
169,6
87,85,1
87,33,1
1911,3
42,02,1
42,22,1
20.11,5
321,1
13,5,5
2022,8
79.818,1
68.768,1
22.300,1
7,99,1
9,99,2
35,04,1
35,11,1
46,27,1
46,42,1
2.496,1
914,1
1.183,1
3730,1
600,000,1
214,200,1
2.14,1
1792,3
153,2,1
16363,1
098.999,1
9999,2
706,1
1.393,2
11,832,1
60,84,1
040900277,1
58.570,1
225.438,1
285,4
531,3
953,2
04.35743990,3
04.35772401,3
04.35772402,3
243,2
19,9,3
10.2,3
18.000,7
7.7,2
28,4,2
36,8,1
19.6,3
23,10,1
22,99,1
7,17,1
1,39,2
114,2,1
95,4,1
04.37623793,1
04.37623794,1
0904861166,1
665,1
8406,1
2.478,1
167,8
24.5,3
7,7,2
517.490,1
747,2
2404,1
1202,1
1.10,5
3.520,1
7.62,1
12.7,4
1144,2
3,629,1
559,2
58.000,4
182,98,1
99,6,2
718,3
533,3
1.136,1
18.932,2
5.150,2
5.250,1
5.300,5
1.110,1
0916107682,1
48,8,1
1,49,1
11,76,1
3.6,6
2.319,1
910,6
234.260,1
585.650,1
4.959,1
710,2
24,80,1
551,4
8.251,1
33,99,1
39,57,1
3.491,1
66,86,1
523.5,1
39,5,2
8400,1
753,2
782,3
328,4
39309981,1
59,7,1
907,2,1
7.534,1
10.901,1
68,8,3
23.017,1
37.472,1
9.321,1
16.903,1
211,5
237,5
1,308,1
2.726,1
21.4,3
39,14,1
39,86,1
2,56,3
2,97,2
21.331,1
3.3,7
7.4,3
77,62,1
18,45,1
412,36,1
390,79,1
144,29,1
49,53,2
31,67,1
31,05,1
20,38,1
85.056,1
319,3
2.682,1
409.415,1
799,6
2.237,1
98,6,1
58,2,1
969,1
27,8,2
2.751,1
2441,1
3500,1
26,683,1
22,397,1
38.500,1
1,32,3
017,2
295,4
12.2,4
93,44,1
730,4
261,5
288,8,1
189,7,1
71,2,1
104.900,1
1,509,1
1,863,1
1.679,1
166,8,1
750,000,1
126.000,2
735,2
1069,1
16.8,1
17.8,1
357.000,1
372.238,1
126,5,1
238.900,1
84,6,1
11.500,4
259.440,1
41,1,1
31.10,2
9.2012,1
20,6,2
8.2015,1
48,427,1
384,503,1
26.886,1
5.0,11
6.6,2
632,4
16.500,1
6.2019,3
60745,1
113,5,2
802,4
461,4
55.527,1
15.12,3
21.10,2
1800555585,1
172.16,1
1020,3
1920,9
5.09,1
571,3
1.174,1
34,2,2
1941,7
04.22120681,2
04.8463556,2
043.8463567,2
043.8463556,2
043.8235807,2
0904852222,2
082.2405776,2
0125.043,2
3974.8899,1
3739,2
39744081,1
0932,2
899,3
01268,1
269,2
56,9,1
10,20,1
1370,1
1371,2
1372,2
1373,2
1.639,1
0163,1
9434,1
882,1
3.350,1
200,000,4
11.7,3
27.6,2
316,5
10516,1
42.230,2
92.800,2
98.407,2
336,4
970,9,1
1,40,1
1,21,3
182,95,1
14.880,1
199,4,1
1,38,2
372,2
415,2
1.336,1
4.438,1
1.376,1
2.278,1
0,15,2
33.1,1
123,68,1
22,19,1
224,3,1
457,4,1
166,6
940,1
618.000,1
2.945,1
679.000,1
3.237,1
17.12,2
50,5,1
3722,1
2.11,2
26,74,1
4.370,1
43,2,2
7,47,1
10.550,1
4.900,2
937,3
38.800,1
2.27,1
4266,1
16.6,1
94.080,1
104.607,1
76.000,3
53.700,1
1.028,1
0,81,1
9,52,2
734,3
1522,2
980,2
163.000,1
0903.812,1
976,1
472,2
1.112,1
383,2
1,15,3
24.500,2
95.704,1
77.568,1
70.449,1
50.700,2
63.352,1
29.268,1
132,2,1
59,1,3
23,4,3
9.683,1
928,1,1
11.900,1
11,09,1
552,4
12.917,1
5.450,1
9.099,1
1.561,1
26,85,1
12,39,1
4.341,1
62864687,1
62864688,1
62864697,1
5.200,6
13.350,1
7,26,1
22449,1
1.853,1
60,000,1
67,2,1
8,93,1
2.650,1
30,5,3
4.250,1
1.805,2
2,52,1
5.340,1
1.540,1
6,75,2
0,05,4
35,4,1
35,8,2
36,7,1
594.602,1
5.946,1
020.000,1
543,2
5,85,1
5,875,1
0,352,1
5,95,3
1919,3
288,2
13.3,3
28.146,1
6.055,1
271,3,1
4.65,1
19,16,1
1800,7
6955,1
45,71,1
19,8,3
7,44,2
19,45,1
42,2,1
1.780,1
14,4,5
17,9,1
501,3
986,2
158,6
1860,1
121.000,2
24.9,2
1793,1
82.000,1
84.000,4
8,4,5
39,96,1
40,04,1
3.400,2
1.245,1
31.700,2
1684,5,1
90019,1
290.4,1
22.12,4
125,5,1
476,3,1
596,9,1
031058002,1
14.7,4
5.279,1
9.129,1
54,65,1
134,747,1
183557253,1
982,1
6.2014,2
90,5,1
1947,5
3.2018,1
3,793,1
3,818,1
293.773,1
824,1
91.500,1
15,1,2
43.493,1
1,66,2
2140,1
1962,12
1818,1
38,46,1
848,3
646,1
705,7
01297891826,1
3.100,5
27,4,2
77.336,1
2.674,1
2.374,1
1.749,1
88.000,1
172.000,3
790,2
7,14,1
90235,1
9.857,1
1.667,1
1.015,3
996,1
6.130,1
327,4
363,1
454,4
507,1
6.727,1
12,69,3
3866,1
4666,1
6888,1
1409,1
30.940,1
0,103,1
2,12,1
15,28,1
37.244,1
940.185,1
4,525,2
2,32,1
88,674,1
2,71,1
8845,1
11,7,5
11,9,3
17.2,1
15,65,1
1,62,2
18.10,4
22.400,1
21.900,1
89,50,1
84,83,1
92,93,1
17.152,1
10.2009,1
0,63,2
112,48,1
3,53,1
261,3,1
0.4,4
3.8,2
7.262,1
73.000,3
5.900,2
1,54,2
28.2,3
129,6,1
224.300,1
0902707878,1
0906720696,1
22240481,1
36021682,1
8.071,1
4.978,1
357,2
0,508,1
54,21,1
1700,2
4.052,2
090,1
2200,1
9,25,2
9,75,3
493,2
399.000,1
2.140,1
40,16,1
104,96,1
340,5
535,2
1.848,2
14.093,1
15.930,1
758,1
8.888,1
19,7,2
458,4
7.11,4
9,12,1
648,49,1
470,7
2,31,2
990,2
17.590,1
18.580,3
24.1,1
1.495,2
554,73,1
281,35,1
721,1
2,35,1
546,3
11.136,1
14.429,1
19.860,1
578,2
4.806,1
27.640,1
1.169,1
729,588,1
0.99,2
119,5,1
3066,1
4.720,1
1.254,2
168.000,1
185.000,2
275,5
44.000,3
7.900,1
5.090,1
7.290,1
228,3
5.590,1
5.390,1
10,39,1
148,5,1
38444144,1
73036036,1
10,33,1
5.75,1
4,95,1
7,95,2
29.7,4
789,1
12.2012,2
903,2
538,4,1
21.451,1
1.455,1
1.294,1
697,2
1.287,1
3995,1
6978,1
123456,1
13.12,4
20140701,1
0,35,3
9,8,4
28,9,2
487.000,1
740,2
026.21,1
29,1,1
1525,2
1081,2
4479,1
480.000,4
13,9,1
3149,1
5821,1
5791,1
6554,1
262.000,2
1.844,2
14,56,1
30,4,1
878,1
28,3,2
168,6
11,946,1
0,3206,1
43,8078,1
077.70,1
18.12,2
68,2,2
20,5,4
105.000,5
0,39,2
8000,4
830.000,4
1.050,3
70,9,1
50.201,1
50.705,1
9.2013,1
347,2
1,300,1
9,6,6
8,75,2
1.026,2
7200,1
1.298,1
94,5,1
3.299,1
53,9,1
58,9,1
22,7,2
1,425,1
16,49,1
7.50,1
6599,1
1.860,1
2038,1
254,2
25.2,3
22.10,3
3,24,2
0,90,1
18,28,1
0,14,3
13.096,1
0,18,3
1.418,1
4,25,1
0,74,3
2.985,1
225.100,1
205.000,1
3,73,1
509,1,1
93,3,1
36.811,1
22.11,1
54.2,1
3.308,1
96504,1
1942,9
36,23,1
36,35,2
3950,1
9382,2
55.148,1
14.764,1
25.282,1
829,1
796,1
8.819,1
6.283,1
1.159,2
7,2,10
19.9,3
2072,1
1650,1
0989,1
1122,1
0908,2
6006,1
3868,2
5507,1
5508,1
38685582,1
38686008,1
04.38685582,1
46,000,1
61,42,1
12,8,2
44,25,1
932,1
1864,1
25.8,3
50.600,1
0908833210,1
773,1
32,88,1
277,1,1
8.6,3
7,64,1
7885,1
376,2
296.164,1
2.350,1
18,8,3
5004,1
3263,1
10,83,1
12.499,1
49,9,1
0003324,1
0127,1
11568,1
1.240,2
1,050,1
1,086,1
435.000,1
9.630,1
1294,1
790,000,1
49,45,1
8.546,1
1.814,1
101.886,1
636,3,2
19.8,2
2.219,1
1,35,1
1,11,1
1.033,1
1.384,1
0936.151,1
12.479,1
3.354,1
1.470,1
14.044,1
365.85,1
26.1,4
1.9,4
19.700,1
343,4
475,5
2426,1
415,2,1
25,025,1
240.000,2
90927,1
991,13,1
0,92,2
925.64,1
3.800,7
14.32,1
12,25,1
4.450,1
2.150,1
4.122,1
311,7,1
9100,1
870,1
16.250,1
080.71283,1
080.71248,1
1934,4
62.500,1
216,2
05113.844529,1
0903.575,1
635,1
1600,5
333.000,2
2.553,1
27,1,1
7600,1
5000,7
2375,1
1375,2
4.569,1
1.661,1
16.514,1
19.3,1
14.11,3
3059,1
08.3844,1
3605,1
1.534,1
21.580,1
11.688,1
2.800,7
0904.065,1
24,7,2
110,8,1
7012705200954,1
1.491,1
7.12,1
52,5,2
10.2017,1
6,44,2
7,74,1
0,21,1
0,33,2
65,11,1
13,97,1
054,1
535,8,1
0,25,4
5,142,1
9.91,1
4,02,1
4,75,1
9,29,1
14,63,1
630,8
2341,1
235,2
1405,90,1
2,06,2
1,072,1
503,1
599.000,2
13.2,1
33.000,1
80,4,2
64,7,1
52,8,1
1.331,1
42,15,2
42,3,1
29.9,3
31,5,2
6.700,2
9.179,1
889,2
275.000,2
13.360,1
12.129,1
942,2
289,3
40.300,1
43,3,1
0943000350,1
1.166,1
513,3
19,5,5
381,2
67,44,1
26,8,1
70,1,1
11,91,1
2,05,1
568,99,1
766,2
7000,3
58.411,1
67.125,1
51.333,1
7.079,1
8,46,1
6,31,1
5,32,1
6,78,1
1.426,1
2.997,1
9.671,1
28,28,1
18,88,1
8,67,1
36,22,1
36,32,1
640,2
1824,1
1882,2
1863,2
44,75,1
86,32,1
0,94,3
26,5,4
20140414,1
85.491,1
83,84,1
2,229,1
79,3,1
106,9,1
1.594,1
1,57,1
61.940,1
3240,1
28.884,1
24.102,1
39.3,1
2.8,2
1411,1
1413,1
1415,1
7417,1
1601,1
1377,1
7377,1
1543,1
1545,1
1265,1
1401,1
1540,1
1590,1
8830,2
4032,1
725,1
880,1
090343,1
23,5,4
1.499,1
2021,7
631.200,1
63,12,1
1.179,1
9.11,4
10.11,2
627,2
16,7,3
6.714,1
31,9,1
447,4
425,4
281,3
2.263,2
329,2
1.776,2
5,68,3
2.15,1
23.11,2
200.83,1
6.2012,4
7.2012,2
1936,5
0,89,2
0,53,1
474.242,1
236.242,1
238.000,1
509,2,1
564.000,1
20013,1
13,425,1
8.485,1
27.9,1
1517,1
61389,1
6.3,3
18.5,3
11.60,1
1.167,1
2.464,1
610,6
611,1
616,1
649,4
729,1
887,2
862,1
0439398246,1
0944797353,1
3.700,6
470.000,2
92,79,1
59,86,1
89,245,1
24,1,1
25.3,2
008.13,1
2,800,1
9.362,1
95.282,1
15.1,4
0002258,1
4,30,1
1,02,3
0,83,1
372,7,1
12.12,2
1545,2,1
2.570,1
3096,1
583,05,1
3749,1
10.3,3
505,1
0915812222,1
04.39396251,1
5666,1
33,1,1
1.880,1
21.280,1
21.230,1
1,216,1
1.22,2
2,849,1
23,290,1
0.72,1
3,167,1
0.07,1
8,368,1
27.10,2
680,5
0905.949064,1
15,4,1
41.5,1
763,1
2501249,1
32612276,1
13000,1
67,9,1
2116,1
220,9,1
6.825,1
1.229,2
5,76,1
5,87,1
4,64,1
34.2,1
038,1
3558866,1
9658,1
687,3
7.151,1
126.859,1
8058,1
443.800,1
1049,1
9.1,3
31.586,1
6.534,1
3.2008,1
94,2,1
25,4,2
84054,1
352,7,1
349,3,1
949.682,1
874.209,1
654.588,1
730.621,1
18.700,2
112.500,1
37.900,3
14.100,2
15.800,2
18.900,1
28.400,2
29.700,2
31.600,1
27,0,1
7728,1
5368,1
21,4,2
81.000,1
94439,1
5.600,2
27.5,1
0936,1
727,2
84.696,1
35.730,1
1.350,2
89,58,1
34,80,1
0,65,4
5.391,1
261.8,1
81,000,1
83,000,1
5.800,3
0,0,1
103.990,1
4.120,1
117,41,1
49.745,1
4.659,1
1604,1
47.800,1
4.28,1
3.55,1
2.745,1
38,5,5
6098,1
36,2,1
6,04,1
5.231,1
0105,1
1.473,1
97,3,1
413,2
22111263,1
47,63,1
38,76,1
101,579,1
3.345,1
427,5,1
128.830,1
25,545,1
25,210,1
16.600,1
15,8,2
2.850,1
17.6,1
3824,1
4060,1
12,4,2
939,1
114,5,1
7177,1
1701,2
3454,1
3,50,1
1.281,1
1922,1
113,46,1
18,000,1
23,100,1
27,500,1
4,08,1
1,87,1
8,96,2
53,68,1
0579,1
1.153,1
1.992,1
241,6,1
4,88,1
6000,3
9.363,1
320,000,1
5,000,1
28.920,1
367,5
0,95,2
11.400,1
23.800,1
27,78,1
27,85,1
78,421,1
1.720,2
276,1
79,4,1
640.000,1
38327455,1
38327456,1
1900571239,1
92.5,2
1.478,1
1755,1
91,66,1
603,2
35,77,2
35,87,1
216.666,1
12,2,4
25,6,2
2.171,1
18,7,6
888.000,1
335.090,1
53,7,1
34.203,1
1.541,1
4716,1
7524,1
0716,1
114.000,1
19,1,1
274,3,1
1.725,1
41.500,1
670,4
606,1
21.120,3
21.125,1
20.060,1
20.080,1
1.321,1
5555,1
38,1,1
37,5,3
37,92,1
547,1
26.10,3
196,5
389.000,1
13.491,1
1932,8
15.340,1
1.710,1
54,2,2
33,2,3
488,1
31,3,2
8.30,1
356,1
27.175,1
23.10,3
1,240,1
1.870,1
317,3
50,786,1
09164,1
1.675,1
11,58,1
1,04,1
1333,1
36,9,2
55.500,1
25.900,2
0,26,1
11.827,1
9.760,1
7.965,1
4.630,1
4.610,1
4,150,1
3.940,1
2.880,2
2.815,1
2.382,1
4,85,2
4,44,1
4,19,1
3,11,2
2,51,1
19.300,1
329.19,1
4100,1
14.3,3
1477,1
526,25,1
1.225,1
999,5
1010,2
0.1,1
1,273,1
12.1860,1
1751,1
1747,1
1519,1
4.406,1
61.500,2
380.000,3
31.7,2
37,38,1
37,78,1
32.200,1
15,09,1
5.619,1
28.8,1
5857,1
893,2
5498,1
043,1
9343907,1
6,19,1
31,19,1
19,2,2
029.89,1
27,929,1
479,5,1
6.257,1
12.2011,4
752,2
935,4
12,54,1
16.12,2
88,66,1
61,95,1
550.000,3
1.122,1
9,28,1
13.223,1
6129,1
9249,1
1944,2
2520,1
20.124,1
764,1
588,3
841,1
5.113,1
59.000,2
915,3
16.745,1
21.200,1
13.900,2
27.3,2
213.000,1
2.360,1
25.5,2
128,2,1
1657,1
612,1
5,14,1
16.2,2
2720,1
5736,1
1.219,1
37.817,1
36,0,1
13.449,1
13.338,1
15.4,1
1.657,1
277,2
87,3,1
6,06,1
609.000,1
3.313,1
97369,1
12,070,1
15.5,4
1.88,1
21.300,2
24.580,1
1.819,1
18.11,3
23.9,1
47,3,1
21.5,3
37,1,1
92,5,2
18.1,1
115,13,1
33,17,1
21,02,1
1,72,2
85,1,1
57,6,2
1,500,1
1.363,2
1.46,1
1.44,1
48.297,1
523,25,1
10008821,1
10000092,1
100,000,1
10003430,1
03021307020620,1
711,3
200000,1
580,63,1
0,44,1
29.203,1
5371,1
1.596,1
18,6,1
219,642,1
23,41,1
151.078,1
1889,1
5,42,1
24,3,3
66,7,1
0982344534,1
15448,1
1.260,2
90546,1
400,000,1
49,8,1
565,4
569,2
441,3
305.576,1
1816,2
0,979,1
87.000,1
3,956,1
16.31,1
34.41,1
577,3
6,25,1
62.765,1
0,84,2
3,04,1
3660,1
5637,1
09045.71775,1
0945.568,1
0905.595,1
478,1
0905.110,1
486,2
0934.78,1
74.79,1
086271.8992,1
09888.10513,1
0972.990,1
0936.229,1
1587,1
0907.071,1
456,2
3.17,1
28.500,2
1,27,1
13,65,1
143.262,1
18,3,1
3,0,10
1,77,1
541,53,1
25.12,3
1472,1
10.900,1
980.671,1
851,2
696,2
27.880,1
54.360,1
109.280,1
260.920,1
34.000,2
36.000,1
0909267,1
520.000,2
360.000,2
449,1
1.346,1
92036,1
1.593,1
2411,1
3835,1
9418,1
3.754,1
978,1
13,80,1
1.643,1
1.642,2
1.790,2
1.830,1
421,1
13.674,1
3.438,1
21.195,2
6.803,1
1914,4
20.3,5
4.639,1
1.150,4
5.7,4
1.141,1
38,50,1
675.000,1
68,98,1
0,28,1
0,41,1
1.971,1
1900585868,1
50,000,3
12.2004,1
602,1
8.5,4
1208140589203001,1
9.10,1
36240,1
0511,3
3565,2
39905,1
280.000,1
6,05,2
75,2,1
75,8,1
1.626,1
2,283,1
921.000,1
415,6,1
423,6,1
24.6,1
37,55,1
20.806,1
22111081,1
1012,1
6.062,1
772,2
233.620,2
1.088,2
027,1
1.008,1
99,11,1
32,1,1
34,9,1
17,91,1
13,42,1
108,5,1
27.96,1
8,143,1
57,7,2
866.000,1
1,31,3
27,48,1
4.384,1
189.5,1
740.000,2
8.200,2
66.62,1
1247,1
59.88,1
2.6,3
46.000,3
202.700,1
205,2
123.127,1
5.166,1
393,4,1
2,47,1
1,70,2
132.80,1
8.8,5
1428,2
1.096,1
0.43,2
0.59,1
0.039,1
744,1
2.659,1
146.53,1
25.11,2
147,5,1
17,53,1
91184,1
37.990,1
12.890,1
3.950,1
324,3
524,1
59.700,1
35,92,1
16,850,1
500,000,1
0976,1
614,3
8110,1
198.800,1
308.200,1
21.3,1
20140906,1
30360,1
6278,1
3135,1
11.424,1
14,25,1
5.2013,2
583,2
091,1
83,75,1
17,51,1
40.684,1
838,33,1
64,366,1
621,1
1856,1
562,02,1
2,76,1
5,47,1
332,2
2772,1
12.2009,1
5,4,8
6549,1
1.708,1
1.658,1
1489,1
482,1
868,1
136,5,1
392.710,1
475.165,1
541.130,1
488.165,1
660.235,1
638.325,1
491.335,1
698.225,1
641.000,1
561.710,1
667.035,1
675.160,1
593.047,1
718.365,1
772.880,1
582,3
733.000,1
755.000,1
29.748,1
20.234,1
9.109,1
6.961,1
5.384,2
5.020,1
4.062,1
203,2,1
6.493,1
6.542,1
6.037,1
2.10,1
914,45,1
20.010,1
8.659,1
5.11,1
53,2,1
4,62,1
22.8,1
56.000,2
1076,2
4700,1
18.8,3
1.270,1
14,2,4
7043,1
7044,1
7045,1
21.245,1
5518,1
483,1
29.10,1
323862,1
12.5,1
70066,1
417.930,1
23.1,2
201,4
299,3
13.1,1
45.250,1
20.880,2
20.820,1
20.830,1
175,5,1
641.250,1
190.500,1
369,1
12.28,1
0.73,1
1,683,1
99,99,2
18.243,1
0,10,1
18.544,1
62,68,1
1,68,2
3.663,1
16.11,1
47.000,1
57.000,1
27,9,1
107.62,1
10.13,1
34,85,1
658,08,1
670.000,1
8,53,1
14.200,3
90298,1
2024,1
22.600,1
22.700,2
25.1,1
84,8,1
729.588,1
6,13,1
6,73,1
1896,1
0988789,1
46,4,1
4,76,1
7,22,1
11,1,3
1928,4
47,27,1
80,11,1
625.000,1
64,4,1
1.650,3
3,000,3
2.96,1
3107,1
3117,1
976.08,1
5.10,2
9653,1
843,4
2151,1
8.133,1
1876,1
7500,1
6,91,1
191,27,1
2,18,1
108,16,1
74,87,1
8526,1
6001,1
6003,1
404,5,1
0.02,1
477,2
147,87,1
736,1
128.000,1
371,2
12.716,1
37,75,1
29.4,3
198,5,1
66878.777,1
15,62,2
1913,2
113.500,1
6,785,1
760,2
3823030,1
26.015,1
229.530,1
205.544,1
24.100,1
23.900,1
3.240,1
1925,2
32,48,1
22.3,1
449,99,1
5271,1
009.79,1
5930,1
1,571,1
2.944,1
3.18,1
2.86,1
1.047,1
141.500,1
10,67,1
4.947,2
0,87,1
0,17,3
512,1,1
6934,1
465.600,1
229,2
144.000,1
5.633,1
1.784,1
51,5,2
583.000,1
3,455,1
27.2,3
171,5
1.209,1
1.312,1
490,98,1
112,66,1
9,27,1
25,000,1
3834,1
2384,1
6275,1
2285,1
21.070,1
1258,2
32,7,1
9.978,1
71,7,1
3.153,1
1.072,1
25,3,2
64,59,1
28.4,2
99245,1
300,000,2
379,1
1,18,1
1,08,2
5,08,1
0839117054,1
15.600,1
7661,1
13.5,2
193.000,1
3.488,1
10.300,1
429,1
40.39,1
0.24,1
16,573,1
0,07,4
7.89,1
109,1,1
6,18,1
8,65,1
37.816,1
094.058,1
1.277,2
0,76,2
517,2
0909447968,1
0937445669,1
258.000,1
4346,1
8.2017,1
42,8,2
17,55,1
5.36,1
6.66,1
463,1
3.900,1
5.270,1
0,24,2
76,4,1
838,2
28.12,2
8200,1
268.231,1
232.336,1
6.209,1
139.37,2
1,05,2
389,15,1
320,51,1
1,41,1
223.091,1
585,2
036,2
754,4
762,1
1,4565,1
1.135,1
18.055,1
4.950,1
7.85,1
008,1
1836,1
1.007,1
532.257,1
2.2017,2
35,9,2
5763,1
5,94,1
6,4175,1
2,72,2
2492,1
30,94,1
120.19,1
120.20,1
341,607,1
906.000,1
5510,1
2439,1
1784,1
572,2
2017,42,1
097,1
7,49,1
424,47,1
743,1
96,56,1
918,4
108,40,1
65,63,1
16,50,1
32,6,2
1848,1
36,75,1
36,25,1
32,00,1
32,75,2
32,50,1
31,25,1
3.300,1
5.060,1
20.608,1
72.000,2
21.450,1
21.550,1
71.429,1
1365,1
1.412,1
82,38,1
001.52,1
10.867,1
534,1
201.2,1
36,37,1
36,52,1
37,3,1
1194,1
1.840,1
30,3,1
73.133,1
1.796,1
105,18,1
75.567,1
889089,1
679,1
955,1
979.000,1
861.000,1
1,662,1
1,462,1
2,99,1
0,02,2
13.245,1
134,6,1
873,5,1
417,2,1
10.6,3
2.018,1
13.043,1
8,156,1
1.222,1
18.800,1
6,65,1
1,260,1
1,340,1
35,95,1
630.000,1
1.570,3
1.23,1
8,000,1
0.09,1
63.70,1
565.5,1
13,049,1
946,1
22.2,1
96337,1
28.000,4
3521,1
0106,1
68.2,1
82.5,1
15,63,1
169.539,1
188,015,1
175.000,1
1.505,1
35,65,2
35,69,1
103.000,1
0904,2
139072,1
7.2007,1
2.587,1
1.185,2
1.189,1
15.200,1
3106,1
14,099,1
3,05,1
6.660,1
23.3,4
226.000,1
537,1
7.772,1
4323,1
41.549,1
6.329,1
82,6,1
49,3,1
16.499,1
9642,1
8240,1
283,1
22.012,1
426,1
556,4
11.2012,2
85.600,1
877,1
100.900,1
574,1
17.1,2
2800,1
22.9,1
302.85,1
1073,4,1
588,6,1
441,5,1
2,23,1
11.592,1
23.2,2
10.296,1
5,25,2
6,68,1
7,04,1
8,48,1
024,1
3934,1
7666,1
46.19,1
3,845,1
55,42,1
17,58,1
5.125,1
5.307,1
5.896,1
6.154,1
375,65,1
0699,1
56.160,1
364,1
15.8,2
8.404,1
9.121,1
2164,1
622,1
21.9,2
9728,1
6.00,1
20.985,1
21.035,1
1521,1525,1
1537,1
1538,1
474,352,1
184,75,1
15.0000,1
063.81,1
41,6,1
44,59,1
6.267,1
0913.55,1
99.44,1
544,2
786,1
4.685,1
1.138,1
3.752,1
63.804,1
9.5,2
38,10,1
9.656,1
662,5,1
7,02,1
24.000,3
1289,1
19.530,2
1404,1
1007,1
1154,1
1166,1
237,7,1
2,26,1
7920,1
178.000,1
3617,1
3635,1
47,97,1
0,51,1
1,07,1
8,56,1
63.337,1
273,1
330.000,1
2.629,1
339.39,1
11.9,3
33.835,1
9.507,1
9.2010,1
16.710,1
19.100,1
3.759,1
413.000,1
111147,1
159.365,1
10.949,1
12.187,1
12,3,2
138,3,1
67,1,1
158,2,1
77,9,2
1.647,1
4.395,1
1.18,1
14,586,1
1.89,1
121.500,1
227,5,1
296,2
5.1,5
484.000,1
1,860,1
54.543,1
13.650,1
13.83,1
97,5,1
32,4,1
0,88,1
33.700,1
24,6,2
97.000,1
39291835,1
0978155237,1
293,5,1
48,6,1
0975058,1
96,8,1
2,110,1
3.050,1
884,1
8,45,1
2330,1
9780,1
3.188,1
802.000,1
26.8,6
3.757,1
5.346,1
9939609,1
12.650,1
6.562,1
8,25,1
767,1
17,6,2
1.194,1
384.000,1
78,3,1
320567,1
19.1,1
10.383,1
10.282,1
100,97,1
0,97,1
2.242,1
2.213,1
28,59,1
1.108,1
1.094,1
13,41,1
5.352,1
5.315,1
36,98,1
0,69,3
5.688,1
5.604,1
84,37,1
1,48,1
3.756,1
3.707,1
49,64,1
7.560,1
7.597,1
37,40,1
0,49,1
10.400,1
10.352,1
48,37,1
0,47,2
20.377,1
20.623,1
245,73,1
1.627,1
0,11,1
2.767,1
2.782,1
25,09,1
0,91,1
3.003,1
2.982,1
20,82,2
16.331,1
16.286,1
49,27,1
0,30,2
4.732,1
4.731,1
0,04,2
510,02,1
496,29,1
2,69,1
212,5,1
17,13,1
8700,1
19.800,1
13.512,1
20.200,1
5.178,1
338,1
812,2
1084,1
12,695,1
98.72,1
055,2
2,61,1
61,32,1
76,66,1
3,61,1
4,51,1
1.360,2
1929,2
20.355,1
20.990,2
1.841,1
5.8,4
2.523,1
31,2,2
27.28,1
27.12,3
10.841,1
2.272,1
160,37,1
1.576,1
4.237,1
37,8,2
3.747,1
759,2
5.01,1
1.670,2
1.684,1
431,2
6.078,1
5456,1
9877,1
710.000,1
784.000,1
2.480,1
1.030,1
1.406,1
22,6,1
65,2,1
2240,1
2107,1
515,3
62.000,1
49.000,3
18.2,3
11111,1
22222,1
1610,1
187,13,1
3.12,2
70,5,1
72,6,1
4.12,1
1025,1
1011,1
1015,1
6.655,1
19.685,2
13,11,2
14,09,1
2,7627,1
1,2004,1
713,2
38,7,1
1861,1
1865,1
536,1
63,4,1
516,77,1
190,3,1
78,54,1
179,62,1
205,5,1
14,8,3
74,9,1
39,4,2
4.265,1
855,2
1640,1
613.23,1
3418,1
0472,1
93,7,1
748.740,1
110,4,1
227,4
2595,1
2540,1
149.050,1
999.000,1
1.459,2
000.000,3
93.000,1
50,313,1
1717,1
1786,2
346,1
052,1
600.045,1
1773,1
2.2014,2
1.862,1
22,4,2
101.33,1
91.52,1
459,1
12,68,1
22.4,1
24.900,1
22.680,1
22.480,1
407.000,1
11,37,1
294,3,1
0613,1
890,2
3.704,1
1.037,1
703,1
1.409,1
2473,1
293.400,1
20113,1
135.289,1
435,368,1
7031,1
1288,1
41,3,1
2,94,1
49,09,1
4986,1
916,1
55,7,1
40,5,2
9.2011,2
5,143,1
529,1
21.12,2
110.200,1
30,34,1
26,06,1
187.5,1
4024,1
04795,1
586.338,1
271.550,1
250.016,1
1.834,1
70,6,1
15.11,4
23,94,1
41,2,2
895,1
20.910,1
75,5,1
4.482,1
4672,1
27,74,1
27,84,1
145,94,1
599,1
40,09,1
33,3,2
9,65,1
2,36,2
2,09,2
6.093,1
2,42,2
3.058,1
38,25,1
29,25,1
30,75,1
35,75,1
1.03,1
589.66,1
1115,1
4946,1
599.474,1
153,5,1
250.232,1
104,3,1
98.000,1
5,23,1
526.215,1
21.243,1
110.400,1
53.800,1
25.600,1
44,1,1
13.7,1
40,8,1
1,34,1
21,2,1
5179,1
1,52,1
050.74,1
3.403,1
7738,1
329,23,1
0.83,1
2190,1
8.874,1
860,2
93,2,1
7.408,1
28,6,1
14,02,1
11,45,1
30,460,1
118.000,1
452,84,1
28,71,1
28,75,1
45,5,1
131,87,1
13,122,1
1.640,3
2879,1
373,43,1
10,77,1
79.39,1
10.720,1
10.750,1
2,96,1
25.250,1
948,5,1
01653,1
0,78,2
8,60,1
9,20,1
837,969,1
60,67,1
5.260,1
13.6,2
208,9,1
686,1,1
1890,2
13,75,1
30.3,1
6335,1
2.434,1
678.752,1
47,2,1
3.36,1
2435,1
827,1
742.166,1
3,41,1
3,99,1
333,51,1
101,80,1
30.09,1
40.380,1
34.040,1
4142,1
4713,1
8,83,1
38.000,2
40.700,1
2027,1
503.601,1
1.282,1
0.10,1
1.82,1
816,150,1
7.68,1
10.407,1
1516,1
383.788,2
63,1,2
539,1
8329,2
8.165,1
1.966,1
1.545,1
20165,1
1677,1
0000457,1
10032787,1
5331,1
117541,2
102.000,1
591,1
189,5,1
50.270,1
2,78,2
8.750,1
252,3
806,374,1
105,5,1
94,9,1
50,3,2
49,2,1
46,1,1
008.14,1
9714,1
157,5,1
53.754,1
1,79,1
3.010,1
20.550,1
20.750,1
341,3
17.030,1
2,917,1
206,4,1
1.077,1
852,86,1
171,5,1
3.2011,1
84,27,1
134,5,1
35,99,1
107.860,1
368,1
6.468,1
2960,1
3160,1
16.061,1
417,8,1
75,6,1
17.400,1
10,11,1
90360,1
541,1
70.910,1
99,73,1
4.002,1
98,67,1
1,93,2
3.729,1
35.500,1
88,81,1
87,26,1
88,98,1
7889,1
5.378,1
1670,1
90,4,1
852,2
54,8,1
408,1
0.21,2
6628,1
016241,2
20.885,1
857.000,1
22.358,1
1719,1
10.2014,1
0939809493,1
2.527,1
1290,1
1.588,1
11.33,1
7.99,1
7.86,1
7.29,1
5.47,1
4.82,1
4.24,1
3.97,1
3.04,1
73.27,1
3700,1
19,3,2
42,58,1
1.764,1
0,23,1
0,793,1
413,37,1
0988811123,1
202,5,1
30.300,1
3.720,1
41,95,1
90,42,1
423,1
7,96,1
19001515,1
320403,1
95605,1
1693,1
9.8,3
430,74,1
71054,1
038.6251756,1
52.000,2
417,68,1
46.246,1
999.990,1
2677,1
2637,1
11,34,1
84,96,1
411,1
11.12,3
1.476,1
4,15,1
2123,1
12346,1
3914.3439,1
359,1
1.341,2
33,7,1
1.379,1
4976,1
39140594,1
39140595,1
39140890,1
38211313,1
2100,3
95555,1
94079,1
5.770,1
6.347,1
22.1,2
15,93,1
2.175,1
5027,1
12.700,1
311,3,1
3649,1
8929,1
5040,2
3451,1
12.2013,1
14,682,1
6,665,1
13880,1
2,39,2
22,67,1
33001,1
39,56,1
28,54,1
28,62,1
0,078,1
170.6,1
891,9,1
478,94,1
13,15,1
1.775,1
132.11,1
224,6
081,1
6.300,1
1.802,1
4.149,1
902,1
1.984,1
2170,1
3236,1
1918,1
714,1
27,17,1
27,26,1
1873,2
2.299,1
59,99,1
76.200,1
12.01,1
043.826,2
55.66,1
56.56,1
960.000,1
15,85,1
7554,1
26,45,1
26,46,1
499,1
1.703,1
1.711,1
598.000,1
43,93,1
0,0022,1
123,8,1
282,2
7.049,1
87,1,2
676,1
194,430,1
61.369,1
276.789,1
4.850,1
8.250,1
2.038,1
11.077,1
1.917,1
10.802,1
639,1
6.49,1
90325,1
12.3,2
0,914,1
49.155,1
3.530,1
11,355,1
086,1
3,996,1
003,1
4422,1
2.737,1
2.065,1
4913,1
2,46,2
0937,1
698,1
221204902,1
1.335,1
220.275,1
2.540,1
1.013,1
36,430,1
36,560,1
111,5,2
499,99,1
19,85,2
426.300,1
341.800,1
0,59,1
112,3,1
63,5,1
31,8,1
47,15,1
47,45,1
2.408,1
37,12,1
37,42,2
106,2,1
113,6,1
26,75,1
605,2,1
182,75,1
52,1,1
35,694,1
20,55,1
21,0,1
28,02,1
19.120,1
27,71,1
3.664,1
2710,1
16,000,1
369.000,1
217.000,1
9305,1
1949,3
1.436,1
1,89,1
0,910,1
5,22,1
0,295,1
115.000,1
910.471,1
130.854,1
89.340,1
7.2010,1
24.377,1
5744,1
466.267,1
79.500,1
31,29,1
98.310,1
674,1
11.11,1
23.224,1
70.839,1
9,10,1
4022,1
1.176,1
0.35,1
43.886,1
13,8,1
9.720,1
11809,1
02357,1
40.1,1
0.42,2
0.01,1
1575,1
38,14,1
2.2012,1
12.2017,1
40,44,1
92869,1
469.7,1
1.318,1
765,2
629,2,1
25,7,1
646,7,1
30,8,1
666,1
7.738,1
92,1,1
1,13,1
565,69,1
63,83,1
2.251,1
55,5,1
367,7,1
53,1,1
271,1
18,20,1
20,39,1
91,5,1
921.600,1
20.016,1
4.2008,1
061,1
25.4,1
14001,1
6,990,1
112,5,1
39,72,1
39,8,1
1908,1
22.200,1
1.125,1
51,75,1
5,175,1
5164,1
30.48,1
307.68,1
397.63,1
98,7,1
6675,1
3046,1
21,500,1
992,1
128.640,1
7.600,2
19.090,2
19.095,1
24.629,1
24.703,1
25.003,1
29.434,1
29.642,1
30.002,1
214,62,1
216,79,1
219,86,1
17.041,1
17.144,1
17.388,1
10.299,1
33,4,1
1.031,1
374,1
6.820,1
2640,1
5.116,1
16.1,2
4.700,1
9292378,1
1619,1
1319,1
81,5,1
37101,1
90567,1
90152,3
6,08,1
1.622,1
0904894490,1
1269,1
1268,1
3830,1
1379,1
2.888,1
12.2016,1
119.000,1
9.265,1
14,52,1
98,5,1
98,4,1
98,3,1
58,1,1
49,94,1
18,26,1
58,28,1
8.9,2
192.777,1
7,66,1
109,3,1
3,95,1
497,5,1
21.2,1
692,1
30,6,1
01658.735955,1
78,5,1
3,35,1
5.700,1
6,33,1
419.000,1
77,49,1
63968,1
2102,1
437,62,1
449,40,1
9402,1
8455,1
094,1
4186,1
8.11,1
831,1
1,337,1
2.977,1
968.142,1
9,68,1
972,1
2.988,1
27.7,1
11,74,1
29,27,1
6.1975,1
6.264,1
33,199,1
1.535,1
71.400,1
315.000,1
7.400,1
3.856,1
11.944,1
1.355,1
1923,2
0,50,1
511,1
519.000,1
25,57,1
8.100,1
4.182,1
23,36,1
1.326,1
1632,2
2043,1
629.54,1
958,1
2.354,1
634,8,1
8555,1
642,2
4,45,1
2208,1
0909593338,1
0937339737,1
4.320,1
039100,1
9,60,1
1.652,1
058,1
4.915,1
8,19,2
18.990,1
156.702,1
662,1
1900561558,2
20.300,1
1.419,1
350,000,1
281.000,1
2,38,1
456.3,1
172.5,1
3.388,1
890.000,1
36,45,1
065.67,1
1.086,2
12,58,2
1.394,1
6,16,1
17,31,1
7.834,1
7,68,2
85.5,1
174,2,1
87,6,1
6606,1
1,298,1
2557,1
94.65,1
94.02,1
97.50,1
98.00,1
15,7,2
37,632,1
37,62,1
45.1,1
1759,1
22.800,1
111.5,1
081102,1
117,8,1
3.534,1
1,642,1
9,70,1
9,69,1
2.290,1
10.700,1
51,3,1
4.925,1
23.369,1
105,7,1
32.373,1
5,45,1
318.390,1
19008198,1
202.099,1
69,92,1
842,4,1
63,8,1
11.680,1
13.980,1
15.680,1
14.680,1
16.480,1
18.480,1
1.680,1
62.88,1
99.00,1
144,2,1
01336,1
091.8901304,1
0781958866,1
12,99,1
2.059,1
310.000,1
4,495,1
61,3,1
360,4,1
1.06,1
1937,1
4.022,1
015.229,1
351,2
246.912,1
3.730,1
2.547,1
2.134,1
856,2
8,43,1
111,9,1
30.1,1
2.057,1
3,54,1
12.968,1
22,36,1
42.146,1
72,67,1
7485,1
9847,1
896,700,1
658,7,1
336,26,1
21,7,1
12.118,1
12,500,1
6,300,1
16,500,1
1.53,1
9.61,1
1870,1
103.260,1
37.600,1
94411,1
44867,1
42,195,1
11528,1
696,2,1
723,3,1
171.35,1
43,44,1
4.353,1
3202,1
27,93,1
0,001,2
18.00,1
23.00,1
5.187,1
4.927,1
29,2,1
12.853,2
8.056,1
13,333,1
13,400,1
55,99,1
9.700,1
13,13,1
1.441,1
2002.6524,1
064,1
4.400,2
21.400,1
1.358,1
129.726,1
26.444,1
15.786,1
7.922,1
792,2,1
1.951,1
033,1
195,1,1
111.963,1
6589,1
136.820,1
1546,1
858,1
19,75,1
001.78,1
7152,1
3.242,1
2.979,1
12.709,1
5.2006,1
18,9,1
11.2013,1
30366,1
0734,1
957,1
10,100,1
5130,1
995,2
2.063,1
17.031,1
234.850,1
75.508,1
30.01,1
77.000,1
50404,2
1884,1
836,900,1
107,56,1
34.87,1
58.260,2
1783,1
1802,1
2.433,1
101,9,1
1.660,1
1.15,1
1917,1
98676,1
7,82,1
3,27,1
246,84,1
6,42,1
102,8,1
82.789,1
977.647,1
7.720,1
50,07,1
1.569,1
2,15,2
4334,1
2.177,1
783,1
4930,1
1.115,1
1.114,1
1406,1
38,57,1
26,60,1
113,74,1
105.125,1
1.021,1
1.330,1
14.6,1
9.999,1
1656,9,1
41,752,1
594,6,1
282,74,1
3.727,1
1068,1
0241,1
3775347,1
52,094,1
252.5,1
50.200,1
70.500,1
14,650,1
103.059,1
7270,1
2.846,1
25,522,1
22,1,1
3205,1
1.133,1
3542,1
550,000,1
37,18,1
8.00,1
13.752,1
45,48,1
13.309,1
21,08,1
21.800,1
32.6,1
73,000,1
78,000,1
59.764,1
7.938,1
1.120,1
732,1
823,2
2136,1
5.142,1
22,540,1
331.000,1
92679,1
2303,1
0947,1
701,1
010,1
6241,1
45,615,1
336.180,1
302.180,1
248.224,1
247.912,1
234.670,1
141.259,1
129.143,1
104.713,1
83.388,1
76.825,1
0,209,1
487,7,1
299,7,1
1120,1
26,49,1
562,1
1.051,1
12,45,1
175,000,1
197,9,1
226,6,1
2.460,1
32020,1
32021,1
47,7,1
23.400,1
160.56,1
2.50,1
36,13,2
512,99,1
165,46,1
30,000,1
2,24,2
3,17,1
0,46,1
44478,1
27,2,1
1608,1
1638,1
223.000,1
30,1,1
1101,1
13.700,1
1,146,1
6,61,1
2,95,1
1.424,1
25,25,1
59.839,1
7,500,1
8,600,1
2.2015,1
12.2015,1
1689,1
10974,1
810.700,1
98,21,1
984,1
14.658,1
219,1
2.392,1
5.100,3
10,34,1
109,5,1
319.000,1
1.370,1
428,1
653,1
0,27,1
1032,1
018.32,1
65.5,1
0.82,1
9,1,2
1.599,1
52.525,1
51.244,1
18.873,1
513.000,1
198.000,1
16,19,1
5,57,1
137,3,1
9509,1
0348,1
3.2004,1
16.126,1
3.985,1
57.679,1
55.063,1
10.633,1
4.299,1
26,2,1
1.02,1
945,1
27.64,1
19,20,1
42,79,1
4,12,1
183.650,1
578,6,1
1881,1
14,3,2
473,18,1
0,45,2
1490,1
526,3,1
217.76,1
0773.3862520,1
2.123,1
1.299,1
32,26,1
2,924,1
1187,1
0.94,1
2017.191,1
0011002643148,1
88.3,1
7796,1
0149,1
98,9,1
9,577,1
21,67,1
1.024,1
351,55,1
449.000,1
7748,1
11.205,1
645,1
154.47,1
90.47,1
129.24,1
3.641,1
79,9,1
5,357,1
5,27,1
18001255,1
1903,1
11.007,1
7946,1
9.2017,1
49,29,1
316.832,1
92.390,1
5.2009,1
391,36,1
3,01,1
456,11,1
3.228,1
4,27,1
4.034,1
1.694,1
1.524,1
7774,1
1299,1
4530,1
613,1
3.840,1
2.160,1
3130,1
10.358,1
1.032,1
131,5,2
507,6,1
18.300,1
2681,1
34.427,1
42,9,1
284,8,1
5,62,1
45,7,2
287.37,1
474,1
17.856,1
78,23,1
11,29,1
11,46,1
11,49,1
2.757,1
110,5,1
1.921,1
3.137,1
24.10,1
104.000,1
11.275,1
1.615,1
672,1
5.3,2
14,9,2
73,6,1
0092,1
250,250,1
8.34,1
1.275,1
2.87,1
3,38,1
43.150,1
1.423,1
82,9,1
95.000,2
259.400,1
6.879,1
337,1
3,91,1
3,76,1
44,26,1
723,2
659,25,1
2.004,1
313,1
2.400,2
72.5,1
756,95,1
415.000,1
135.245,1
948,1
80.3,1
78.6,1
1400,1
3.430,1
787.738,1
3.542,1
0289,1
1348,1
8794,1
82,7,1
0912,1
836,1
0432,1
484,2
587,1
6826,1
1.989,1
343,66,1
53,6,1
502,1
1621,1
2.462,1
1.486,1
10,103,1
226,7,1
155,9,1
36,36,1
52,35,1
82,47,1
304.000,1
1,94,1
11.200,1
2690,1
21.360,1
5.503,1
1,666,2
3,44,1
0,20,1
1.695,1
434,2
716,1
617,1
569.000,1
12.849,1
3,304,1
2,82,1
12.750,1
2,74,1
18.750,1
152.6,1
9.2,1
648,2,1
92467,1
92276,1
5.632,1
1.759,1
4,26,1
4169,1
270.3,1
20.005,1
0406,1
1636,2
3925,1
3980,1
476,1
352,1
2,33,1
5200,1
00616,1
22.7,1
973,1
7.2013,1
5527,1
99119,1
1,88,2
175,39,1
20.148,1
2.154,1
4.665,1
13.329,1
2.206,1
333.235,1
117.454,1
1.187,1
305,000,1
1.623,1
4,329,1
1405,1
1433,1
437,1
004.91,1
597,1
39.780,1
6700,1
278.87,1
12.600,3
865.000,1
301.1,1
7.499,1
2.258,1
825,1
785,1
288,6,1
62,6,1
1760,1
7.590,2
1.767,1
26.523,1
17,000,1
23.4,2
199,43,1
39,05,1
14.291,1
38.638,1
20.950,1
071931,1
2,68,1
389,37,1
6.547,1
000.26,1
5171,1
746.716,1
304.821,1
1315,1
12,50,1
43,33,1
420.000,1
1.255,1
1.251,1
219.600,1
8.28,1
10.100,1
8.900,1
1125,1
13062,1
74,4,1
166.500,1
20,7,1
39.781,1
90289,1
70,000,1
1138,1
075,1
1053,1
088,1
28.11,1
17.74,1
54,700,1
04543297,1
22886454,1
56766604,1
47513051,1
03829619,1
00762121,1
73.850,1
2,21,1
2,66,1
6055,1
8,39,1
4.047,1
5190,1
869,1
911,48,1
26.11,1
111.000,1
63.310,1
49,5,1
448.000,1
265.668,1
0.69,1
1.374,1
1.083,1
35,2,1
4570,1
4670,1
46.116,1
1.327,1
33,82,1
00788,1
010.60,1
29,8,1
2.077,1
22,0,1
11,12,1
3,33,1
38833618,1
1.925,1
3.138,1
42.800,1
63,6,1
531,758,1
21.085,1
21.105,1
18,500,1
171,1,1
17.300,1
9.949,1
17.422,1
18.212,1
12,13,1
820.000,1
0.25,1
7.2011,1
35.300,1
11.536,1
411,5,1
2.560,1
256.000,1
21.220,1
179.000,1
1.6368,1
1230,1
671.986,1
584.380,1
08.39307204,1
1308,1
28,472,1
40,3,1
6.730,1
8.470,1
091.17,1
3,65,1
47.806,1
14.368,1
68,6,1
3588,1
124,17,1
4,94,1
3.083,1
0914.26,1
26.28,1
45,000,1
3.24,1
5.67,1
44,2,1
8,06,1
2.551,1
1847,1
48860,1
89,9,1
867,1
1.134,1
3974,1
8899,1
7307,1
7979,1
82149,1
54,4,1
2.660,1
69.000,1
7.2008,1
4.2009,1
464.000,1
102,1,1
13,62,1
2.792,1
24.11,1
32,59,1
9.4,1
3217,1
228,5,1
76.5,1
1.266,1
